11.25,5.05,0
10.95,4.7,0
9.85,5.8,0
9.8,5.75,0
9.15,6.8,0
8.65,6.6,0
8.4,7.5,0
7.9,7.75,0
6.95,8.7,0
7.25,9.75,0
7.3,10.25,0
5.9,10.7,0
5.85,11.8,0
6.45,12.05,0
5.7,12.95,0
5.35,13.45,0
5.4,14.65,0
4.7,14.85,0
5.4,15.4,0
5.1,16.25,0
5.75,16.7,0
4.85,17.65,0
5,18,0
6.05,18,0
5.7,19.45,0
5.3,19.55,0
5.85,21.25,0
6.1,21.35,0
6.55,22.15,0
5.9,22.8,0
7.15,23.7,0
6.75,24.25,0
7.95,24.65,0
7.75,25.3,0
8.8,26.05,0
8.85,26.95,0
9.35,27.45,0
9.95,27.1,0
11.25,28.2,0
10.7,28.55,0
11.95,29.45,0
11.95,28.65,0
13.1,30.05,1
13.4,29.3,1
14.7,30.2,1
14.7,30.6,1
16.1,30.4,1
16.1,31.05,2
17.55,30.8,2
17.65,31.75,2
18.55,31.6,2
18.85,30.6,3
19.85,30.9,3
20.1,31.3,3
21.5,31.35,3
20.85,30.4,3
22.95,30.05,3
23.4,30.3,3
24.2,29.9,3
24.75,30,3
25.55,29.3,4
25.55,28.45,4
26.7,28.3,4
26.85,28.75,4
27.6,27.15,4
28.25,27.4,4
29.05,27,4
29.05,26.2,4
29.45,25.55,4
30.05,25.55,4
30.3,23.3,4
30.6,23.95,4
30.9,22.75,4
31,22.3,4
30.65,21.3,4
31.3,20.8,4
31.85,21.2,4
31.45,19.3,4
32.7,19.3,4
31.9,17.9,4
33.05,18.05,4
32.8,16.6,4
32.2,16.3,4
32.4,15.15,4
31.8,14.75,4
32.35,13.25,5
31.65,13.35,5
31.15,12.05,5
32,11.9,5
31.05,10.3,5
31.95,10.4,5
30.05,9.55,5
30.5,8.25,5
29.6,8.25,5
29.8,7.6,5
29,7.05,5
29,6.7,5
27.6,5.95,5
28.15,5.45,5
26.5,4.8,5
26.4,4.4,5
25.8,3.65,5
25.5,4.1,5
31.6,16.6,4
30.7,17.4,4
29.65,17.95,4
29.15,16.5,4
30.5,15.55,4
29.95,13.55,5
30,11.85,5
28.65,14.1,5
27.45,10.85,5
26.4,10.75,5
25.05,10.1,5
26.2,11.55,5
27.2,13.3,5
28.3,14.45,5
27.95,14.65,5
27.95,14.7,5
23.15,11,5
22.9,11.6,5
23.9,11.6,5
24.55,11.6,5
23.85,12.45,6
23.35,13.1,6
24.85,13.2,5
25.1,12.25,5
25.15,12.5,5
25.65,12.9,5
25.7,13.5,5
26.3,13.3,5
27.1,14.55,5
27.15,14.6,5
26.4,14.35,5
26.4,14.35,5
25.75,14.55,5
25.75,14.9,5
25.35,14.65,5
23.7,14.55,6
24.05,14.9,6
23.65,15.3,6
22.75,14.5,6
22,14,6
20.9,12.95,6
20.3,13.1,6
22.2,16.45,6
22.15,16.65,6
22.4,15.15,6
22.15,15.2,6
23.95,15.95,6
24.25,16.1,6
24.8,16.1,5
25.15,16.15,5
25.5,16.7,4
25.75,16.85,4
26.2,16.85,4
26.25,16.9,4
26.25,16.35,4
26.75,16.2,4
27.4,16.15,4
27.6,16.85,4
26.95,17.2,4
26.3,18.1,4
27.55,17.95,4
27.7,17.6,4
28.25,18.25,4
28.8,19.15,4
28.5,19.15,4
28.1,19.35,4
28.05,20.3,4
27.3,20.5,4
27.1,21.6,4
26.75,19.5,4
26.5,20,4
25.9,19.8,4
25.1,19.8,4
24.75,20.7,4
24.35,20.55,4
23.55,20.35,4
24.3,19.7,4
24.9,19,4
24.7,16.8,4
24.35,16.8,4
24.4,17.15,4
24.9,17.3,4
24.35,17.7,4
24.95,17.8,4
24.95,18.05,4
24.4,18.35,4
23.65,18.6,4
22.85,18.9,4
22.4,20.65,4
22.5,17.8,6
22.45,18.25,4
21.6,17.7,6
21.35,18.05,6
21.3,18.25,6
19.95,19.8,6
20.45,20.45,6
20.35,16.95,6
19.7,17.45,6
19.35,17.45,6
12.45,9.15,0
10.1,10.05,0
11.75,12.2,7
9.55,12.4,0
8.65,13.35,0
7.75,13.55,0
8.55,15.15,0
8.05,15.9,0
8.45,15.9,0
8.6,16.85,0
9,17.05,0
9,16.3,0
9.35,16.3,0
9.55,15.3,0
9.65,14.85,0
10.15,15.05,0
10.05,15.6,0
10.4,16,0
10.65,16,0
10.9,15.95,0
10.7,15.35,0
11.35,15.05,0
11.15,14.75,0
11.05,14.6,0
11.15,14.2,0
11.1,13.6,0
12.5,13,7
13.3,12.45,7
13.5,12.4,7
13.95,11.75,7
14.4,12.2,7
15.4,12.2,7
15.25,12.45,7
14.6,12.75,7
14.1,13.05,7
14.2,13.25,7
14.75,13.45,7
13.15,13.4,7
13.05,13.7,7
12.65,13.65,7
15.45,13.75,7
14.65,14.2,7
13.75,14.05,7
13.75,14.5,7
12.95,14.8,7
13.2,14.9,7
13.25,15.5,7
12.1,15.35,0
12.15,15.5,0
11.25,16.4,0
12.7,15.6,0
12.5,16.15,7
12.7,16.6,7
12.15,16.2,0
11.95,16.5,0
11.45,16.8,0
11.05,17.2,0
11.3,17.6,0
11.65,17.6,0
11.25,18.25,0
11.05,18.45,0
11.05,18.55,0
10.55,18.55,0
10.8,19.2,0
7.45,19,0
10.05,20.1,0
9.95,20.5,0
10.65,20.45,0
10.3,22.75,0
11.7,19.6,0
12.2,19.65,0
13.2,20.1,0
13.55,20.05,0
14.15,20.05,0
14.25,21.5,0
13.25,21.4,0
12.85,18.1,0
13.75,18.3,0
14.2,18.35,0
14.25,18.8,0
13.75,16,7
13.75,16.7,7
13.75,17.05,7
14.05,16.8,7
14.5,16.95,7
14.75,16.65,7
15.25,16.05,7
15.4,16.2,7
15.85,16.2,7
15.5,15.55,7
15,14.95,7
16.6,16.15,7
17.9,15.6,7
17.5,18.05,7
16.65,17.5,7
15.45,17.3,7
15.45,17.8,7
15.7,18.4,7
